23 
23 12 
23 12 5 
23 12 5 8 
23 12 5 8 10 
23 12 5 8 10 21 
23 12 21 8 10 5 11 
23 12 21 8 10 5 11 17 
23 
23 12 
23 12 5 
23 12 5 8 
23 12 5 8 10 
23 12 5 8 10 21 
23 12 21 8 10 5 11 
23 12 21 8 10 5 11 17 
23 
23 12 
23 12 5 
23 12 5 8 
23 12 5 8 10 
23 12 5 8 10 21 
23 12 21 8 10 5 11 
23 12 21 8 10 5 11 17 
23 
23 12 
23 12 5 
23 12 5 8 
23 12 5 8 10 
23 12 5 8 10 21 
23 12 21 8 10 5 11 
23 12 21 8 10 5 11 17 
23 
23 12 
23 12 5 
23 12 5 8 
23 12 5 8 10 
23 12 5 8 10 21 
23 12 21 8 10 5 11 
23 12 21 8 10 5 11 17 
23 
23 12 
23 12 5 
23 12 5 8 
23 12 5 8 10 
23 12 5 8 10 21 
23 12 21 8 10 5 11 
23 12 21 8 10 5 11 17 
23 
23 12 
23 12 5 
23 12 5 8 
23 12 5 8 10 
23 12 5 8 10 21 
23 12 21 8 10 5 11 
23 12 21 8 10 5 11 17 
23 
23 12 
23 12 5 
23 12 5 8 
23 12 5 8 10 
23 12 5 8 10 21 
23 12 21 8 10 5 11 
23 12 21 8 10 5 11 17 
23 
23 12 
23 12 5 
23 12 5 8 
23 12 5 8 10 
23 12 5 8 10 21 
23 12 21 8 10 5 11 
23 12 21 8 10 5 11 17 
23 
23 12 
23 12 5 
23 12 5 8 
23 12 5 8 10 
23 12 5 8 10 21 
23 12 21 8 10 5 11 
23 12 21 8 10 5 11 17 
23 
23 12 
23 12 5 
23 12 5 8 
23 12 5 8 10 
23 12 5 8 10 21 
23 12 21 8 10 5 11 
23 12 21 8 10 5 11 17 
23 
23 12 
23 12 5 
23 12 5 8 
23 12 5 8 10 
23 12 5 8 10 21 
23 12 21 8 10 5 11 
23 12 21 8 10 5 11 17 
23 
23 12 
23 12 5 
23 12 5 8 
23 12 5 8 10 
23 12 5 8 10 21 
23 12 21 8 10 5 11 
23 12 21 8 10 5 11 17 
23 
23 12 
23 12 5 
23 12 5 8 
23 12 5 8 10 
23 12 5 8 10 21 
23 12 21 8 10 5 11 
23 12 21 8 10 5 11 17 
23 
23 12 
23 12 5 
23 12 5 8 
23 12 5 8 10 
23 12 5 8 10 21 
23 12 21 8 10 5 11 
23 12 21 8 10 5 11 17 
23 
23 12 
23 12 5 
23 12 5 8 
23 12 5 8 10 
23 12 5 8 10 21 
23 12 21 8 10 5 11 
23 12 21 8 10 5 11 17 
23 
23 12 
23 12 5 
23 12 5 8 
23 12 5 8 10 
23 12 5 8 10 21 
23 12 21 8 10 5 11 
23 12 21 8 10 5 11 17 
23 
23 12 
23 12 5 
23 12 5 8 
23 12 5 8 10 
23 12 5 8 10 21 
23 12 21 8 10 5 11 
23 12 21 8 10 5 11 17 
23 
23 12 
23 12 5 
23 12 5 8 
23 12 5 8 10 
23 12 5 8 10 21 
23 12 21 8 10 5 11 
23 12 21 8 10 5 11 17 
23 
23 12 
23 12 5 
23 12 5 8 
23 12 5 8 10 
23 12 5 8 10 21 
23 12 21 8 10 5 11 
23 12 21 8 10 5 11 17 
